# Created by Octave 4.2.1, Sun Aug 26 12:08:54 2018 GMT <unknown@unknown>
# name: a
# type: scalar
12


# name: b
# type: scalar
15


